1189.63448 13.66718
521.27606 13.90606
237.98690 14.53301
445.74729 13.55849
1256.46282 13.71076
776.73884 13.80042
1013.45067 14.54107
309.76549 13.93111
1479.59898 14.10694
1151.75759 13.79646
816.34082 14.56369
1170.50853 13.63649
606.70534 14.49856
264.31322 13.44138
268.96345 14.24820
835.61678 14.41366
1489.12446 14.10110
1142.83214 14.17939
1301.54008 14.05386
1479.82399 14.23354
733.38667 14.46626
19.12596 13.89885
269.33847 14.44704
657.40787 14.56754
1357.26786 13.68776
885.71929 14.34025
1438.87194 14.42300
1428.67143 14.05641
756.11281 14.46872
228.38642 14.56109
235.21176 13.95664
512.95065 13.80124
1159.70799 14.50056
1417.34587 14.23525
1160.15801 13.78845
722.43612 13.66485
775.61378 13.76006
601.45507 13.54457
1216.26081 14.34538
757.01285 13.45849
953.07265 14.53701
154.95775 14.46723
1396.49482 13.80508
225.46127 14.33613
881.14406 13.54944
367.51838 14.26322
837.94190 14.28799
902.59513 14.02518
1121.68108 14.37838
674.73374 13.64905
1107.43037 13.89178
949.47247 14.44784
1292.83964 14.51697
97.57988 14.36799
68.40342 14.05458
1479.22396 13.85850
597.55488 13.90191
999.12496 13.75691
708.78544 13.91315
413.87069 13.50429
1233.51168 13.47870
129.98150 14.49461
235.73679 13.44481
904.92025 14.41370
38.92695 13.55136
1183.40917 13.73242
248.11241 13.64008
190.88454 13.66924
626.58133 13.44209
1104.28021 13.90964
506.12531 13.55398
1071.35357 13.53398
1057.77789 14.56324
529.15146 13.99296
1370.91855 13.73057
876.41882 14.47421
645.10726 14.12642
694.23471 13.87267
1401.14506 14.55924
1428.07140 13.70405
51.82759 13.65932
81.30407 14.17234
320.64103 14.51939
1472.84864 13.84747
983.07415 13.67861
784.76424 14.41551
180.30902 14.42319
403.82019 13.67379
612.10561 14.19634
167.03335 14.12386
146.03230 14.29673
269.48847 14.52951
1047.50238 14.18812
912.87064 13.51748
1188.05940 14.55736
426.02130 13.74611
1133.23166 14.14132
876.04380 14.27046
485.49927 14.47294
1217.76089 13.44085
191.10956 13.45679
302.19011 13.57817
503.80019 14.04418
1006.32532 14.25876
169.35847 13.62516
441.47207 14.46864
41.70209 13.47198
1275.96380 13.95026
526.75134 14.43483
437.94690 14.53590
1162.25811 14.35957
1166.68333 13.54996
1153.03265 14.53284
1360.11801 14.26926
1188.73444 13.83620
477.92390 13.76768
1273.03865 14.12086
959.59798 14.37211
816.64083 14.28010
120.53103 14.40490
1065.05325 13.48793
298.58993 14.28960
230.48652 14.05146
692.05960 14.46001
0.97505 13.65852
1311.36557 14.22638
738.03690 13.49945
973.69868 13.75655
1420.64603 14.01404
223.73619 13.80167
87.15436 13.84550
1322.24111 13.79635
215.56078 14.56388
1046.22731 13.45821
1015.85079 14.25437
667.75839 13.50340
81.00405 13.97736
1062.65313 13.73973
346.14231 14.45209
1208.91045 13.76908
611.35557 13.74233
327.54138 13.67714
645.48227 13.52814
376.74384 14.09193
736.23681 14.28654
906.12031 13.50525
717.26086 14.33281
292.96465 13.44907
1270.71354 14.56260
894.49472 13.89372
205.66028 14.38020
201.61008 13.86953
923.44617 14.12610
1176.73384 13.56018
404.19521 13.44765
1190.15951 13.95489
479.87399 14.06611
158.33292 14.55926
1237.26186 13.64276
588.47942 13.44085
230.26151 13.89910
1279.26396 14.03418
985.92430 13.49358
17.47587 14.00196
455.34777 13.59757
415.37077 14.35273
31.57658 14.35802
1448.77244 14.56803
152.10761 14.56168
1019.15096 14.31359
1405.57028 13.56420
707.43537 14.18776
172.73364 13.72706
1146.50733 14.44015
1225.11126 13.94924
1324.79124 14.56884
94.27971 14.30470
331.81659 13.81322
1497.74989 13.57140
834.79174 14.30164
983.67418 14.02170
362.11811 14.34397
181.73409 13.45060
1381.04405 14.08680
483.39917 13.52392
1445.02225 14.31053
154.88274 14.42274
525.17626 13.54324
184.80924 13.44253
1470.74854 14.47895
315.69078 13.69706
1492.72464 14.32535
194.93475 13.70458
511.90060 13.64227
184.95925 13.46596
1182.88414 13.45646
961.09805 13.81314
348.99245 14.54955
96.00480 13.48083
1444.87224 14.23767
852.71764 13.65190
172.20861 13.45309
7.57538 13.77935
299.03995 13.54738
170.25851 14.15228
33.52668 14.10958
352.21761 14.56281
1082.45412 14.18357
424.59623 14.19838
1245.81229 14.07635
326.34132 14.33169
1265.01325 13.83219
782.21411 13.47549
477.69888 13.65602
801.04005 13.75881
51.97760 13.73438
58.27791 13.70720
704.81024 14.48211
1066.02830 13.84061
635.05675 14.55803
517.60088 14.56131
270.38852 13.60204
742.98715 14.50362
1295.83979 14.41498
1260.43802 14.18645
376.06880 13.69327
795.26476 13.51038
1253.53768 13.83844
553.37767 13.47952
608.80544 14.12614
900.94505 13.95546
12.15061 14.56267
1322.69113 13.44744
705.63528 13.86182
589.97950 14.25735
817.09085 13.54136
118.58093 13.66533
40.57703 14.48695
865.76829 13.82171
148.65743 14.49918
989.29946 13.60678
1096.10481 14.52901
448.44742 13.51651
1254.51273 14.40876
1207.18536 14.56803
1309.19046 14.38355
892.84464 14.38745
1046.97735 13.85104
1343.99220 14.53579
113.70569 14.50370
681.40907 13.80876
729.33647 13.96478
1136.68183 14.28320
769.46347 13.50106
337.36687 13.44200
685.08425 14.12754
1127.68138 14.55940
313.66568 14.35113
5.77529 14.55807
1487.99940 13.45945
735.71179 13.97777
895.91980 14.49925
1247.16236 13.82788
691.30957 14.04156
1377.06885 13.62413
556.30282 13.78689
150.53253 13.74932
1001.15006 13.96692
727.31137 14.56882
926.07130 13.77886
10.12551 13.45444
175.20876 13.46084
321.24106 13.60015
1108.63043 14.56355
282.83914 14.04194
682.90915 14.54587
637.90690 14.38743
650.88254 14.53456
90.15451 13.75299
1056.57783 13.89084
1224.81124 13.77393
746.21231 14.52735
605.80529 14.22533
1236.28681 14.05939
468.17341 13.66088
131.25656 13.64541
874.61873 13.46302
1341.89209 13.49898
191.03455 13.49979
908.97045 13.98962
421.44607 14.21302
1114.33072 14.23284
660.40802 14.53051
1238.61193 14.40303
895.31977 14.37586
606.93035 14.19570
1326.96635 14.05437
1026.42632 14.23893
506.05030 13.51083
1415.92080 14.03051
1157.38287 13.44126
1275.66378 13.77468
358.21791 14.38274
1151.90760 13.88093
239.33697 13.65727
224.41122 14.21963
543.55218 13.85355
1218.13591 13.61070
653.95770 14.48124
925.92130 13.70598
249.01245 13.72815
863.21816 14.21491
507.02535 14.07592
1137.43187 14.52213
1221.13606 13.50703
201.98510 14.11865
1107.95540 14.22336
344.86724 14.02808
140.40702 13.44801
512.42562 13.52137
740.43702 14.15535
651.78259 13.58816
511.07555 14.54792
491.04955 14.01812
1399.19496 13.55295
1284.13921 13.73533
1202.68513 13.83759
1356.06780 14.32807
1078.85394 13.90915
18.60093 14.56632
682.45912 14.42087
760.61303 13.68482
774.26371 14.23250
55.20276 13.75703
976.39882 13.49824
966.04830 14.22603
866.66833 14.34984
1071.12856 13.85925
1289.76449 14.55819
297.61488 14.27126
297.76489 14.34590
981.94910 14.20908
60.15301 14.39515
1087.47937 13.44293
982.09910 13.93295
515.27576 13.46054
1360.64303 13.47646
1267.86339 14.39750
177.68388 14.46705
1086.50433 14.55922
997.24986 14.50762
494.04970 13.89809
129.75649 14.56512
1493.24966 14.56899
944.07220 13.73642
1013.30067 14.56627
243.68718 14.32090
1274.83874 13.47256
1345.49227 13.73021
762.26311 14.56903
1284.28921 13.53698
406.52033 14.46013
600.70504 13.95398
782.36412 13.44189
655.45777 13.52912
367.59338 14.29947
1010.60053 14.12382
58.57793 13.86140
359.11796 14.03772
925.69628 13.58364
1118.08090 14.53648
883.16916 14.52707
33.37667 14.00877
102.90515 13.77145
233.11166 13.72340
1013.75069 14.17446
836.36682 13.44066
780.78904 14.31475
997.77489 14.31589
601.08005 13.46361
609.55548 14.52982
890.14451 13.59098
811.16556 13.51581
688.68443 14.34705
897.04485 13.55527
821.66608 14.07587
399.39497 14.30915
743.43717 14.42826
609.78049 14.55778
318.69093 13.60069
1193.90970 14.29309
1422.44612 14.14082
209.56048 14.35050
443.19716 13.89714
642.33212 13.50399
624.70624 14.13220
33.90170 14.30845
1356.51783 14.56106
838.01690 14.32505
596.20481 14.19106
